day	sst(K)	H(W/m2)	LE(W/m2)	TAU(m2/s2)
244.0	299.0801045735677	-8.681074688831965	9.375796824693682	0.07787768894025347
244.01388888888889	298.9889069357036	-8.42417199339375	8.896600664213535	0.07781568469108703
244.02777777777777	298.8977092978394	-8.167269297956063	8.417404503734199	0.07775116960875961
244.04166666666666	298.80651165997534	-7.910366602517824	7.938208343253923	0.07768427640175998
244.05555555555554	298.71531402211144	-7.653463907080136	7.45901218277459	0.07761513283387415
244.06944444444446	298.62411638424703	-7.396561211641716	6.979816022294317	0.07754386185715662
244.08333333333334	298.5329187463832	-7.139658516204038	6.500619861814972	0.07747058174538732
244.09722222222223	298.441721108519	-6.882755820765793	6.021423701334704	0.07739540622754133
244.11111111111111	298.3505234706548	-6.625853125328109	5.542227540855371	0.0773184446208624
244.125	298.25932583279075	-6.368950429889891	5.063031380375225	0.07723980196315924
244.13888888888889	298.13680557439335	-6.270422381383303	4.753749639071533	0.0771592209776789
244.15277777777777	298.01428531599646	-6.171894332876941	4.444467897768489	0.07707724033601575
244.16666666666666	297.89176505759895	-6.07336628437035	4.135186156464762	0.07699395879245198
244.18055555555554	297.7692447992019	-5.974838235863987	3.8259044151617196	0.07690947063978729
244.19444444444446	297.6467245408046	-5.876310187357391	3.516622673857897	0.07682386588194336
244.20833333333334	297.5242042824074	-5.777782138851034	3.207340932554876	0.07673723040175105
244.22222222222223	297.4016840240101	-5.679254090344436	2.898059191251127	0.07664964612385343
244.23611111111111	297.2791637656131	-5.580726041838071	2.588777449948085	0.07656119117270457
244.25	297.1566435072157	-5.482197993331485	2.2794957086443897	0.07647194002564633
244.26388888888889	297.07811348997495	-5.284800519384776	2.2412197759582395	0.07642480800949131
244.27777777777777	296.9995834727345	-5.087403045438371	2.202943843272012	0.07637743173439669
244.29166666666666	296.9210534554941	-4.89000557149166	2.1646679105858477	0.07632982013652498
244.30555555555554	296.8425234382536	-4.692608097545254	2.1263919778996208	0.07628198197048215
244.31944444444446	296.76399342101286	-4.495210623598482	2.0881160452133916	0.07623392581230914
244.33333333333334	296.68546340377253	-4.297813149652121	2.049840112527154	0.07618566006244525
244.34722222222223	296.6069333865318	-4.100415675705365	2.0115641798410007	0.07613719294866023
244.36111111111111	296.52840336929125	-3.90301820175896	1.9732882471547728	0.07608853252895695
244.375	296.4498733520509	-3.7056207278122506	1.9350123144686224	0.07603968669444182
244.38888888888889	296.719867640366	-0.6338196050942635	10.608554681518978	0.07599110508977236
244.40277777777777	296.9898619286807	2.4379815176162576	19.282097048547907	0.07594234856626104
244.41666666666666	297.2598562169959	5.509782640334603	27.95563941559913	0.0758934242584864
244.43055555555554	297.5298505053106	8.581583763045124	36.62918178262805	0.07584433915742435
244.44444444444446	297.799844793626	11.6533848857644	45.302724149682504	0.07579510011280952
244.45833333333334	298.0698390819406	14.725186008475013	53.976266516711654	0.07574571383547213
244.47222222222223	298.3398333702559	17.79698713119327	62.64980888376263	0.07569618689964767
244.48611111111111	298.6098276585705	20.868788253903794	71.32335125079159	0.07564652574526147
244.5	298.8798219468858	23.940589376621777	79.99689361784192	0.07559673668018548
244.51388888888889	299.23984695246213	33.15161671021252	108.90610122683304	0.0755521785084205
244.52777777777777	299.59987195803774	42.362644043781785	137.8153088357597	0.07550735895105143
244.54166666666666	299.95989696361414	51.57367137737382	166.72451644475507	0.07546228030094379
244.55555555555554	300.3199219691898	60.78469871094308	195.63372405368173	0.07541694484832306
244.56944444444446	300.67994697476627	69.99572604453745	224.5429316626844	0.07537135488059797
244.58333333333334	301.039971980342	79.20675337810691	253.45213927161123	0.07532551268218858
244.59722222222223	301.3999969859183	88.41778071169878	282.36134688060645	0.07527942053435431
244.61111111111111	301.7600219914939	97.62880804526804	311.2705544895332	0.07523308071502624
244.625	302.1200469970703	106.83983537885878	340.17976209852424	0.07518649549863944
244.63888888888889	302.17290174696177	106.8727209067633	342.4610134642801	0.0751395330960666
244.65277777777777	302.22575649685325	106.90560643466904	344.7422648300354	0.07509234384501581
244.66666666666666	302.2786112467448	106.93849196257366	347.0235161957921	0.07504493025225538
244.68055555555554	302.3314659966362	106.97137749047943	349.3047675615472	0.07499729481572337
244.69444444444446	302.38432074652786	107.00426301838426	351.5860189273035	0.07494944002439034
244.70833333333334	302.4371754964191	107.03714854629003	353.8672702930588	0.07490136835812759
244.72222222222223	302.49003024631077	107.07003407419461	356.1485216588156	0.07485308228757617
244.73611111111111	302.54288499620225	107.10291960210036	358.42977302457075	0.07480458427402081
244.75	302.5957397460937	107.13580513000488	360.7110243903266	0.07475587676926457
244.76388888888889	302.4795776932326	97.57202726380922	338.69007136495924	0.07496073995114849
244.77777777777777	302.3634156403719	88.00824939763494	316.66911833964167	0.07516357246262746
244.79166666666666	302.2472535875108	78.44447153143787	294.6481653142713	0.07536409123127924
244.80555555555554	302.13109153464984	68.88069366526359	272.62721228895373	0.07556199614817746
244.81944444444446	302.01492948178884	59.31691579906392	250.60625926357713	0.0757569693786735
244.83333333333334	301.89876742892795	49.753137932889345	228.58530623825948	0.07594867467844973
244.84722222222223	301.78260537606684	40.189360066692586	206.56435321288922	0.07613675672025613
244.86111111111111	301.66644332320607	30.62558220051828	184.54340018757173	0.07632084043744092
244.875	301.550281270345	21.06180433432261	162.52244716220434	0.07650053039121087
244.88888888888889	301.29124797302967	17.727814881518974	145.707343522767	0.07667363059480287
244.90277777777777	301.032214675715	14.393825428722673	128.89223988336468	0.07684159039769767
244.91666666666666	300.7731813783997	11.059835975918569	112.07713624392454	0.07700396473715033
244.93055555555554	300.51414808108495	7.725846523122275	95.26203260452223	0.07716028705709035
244.94444444444446	300.25511478376956	4.391857070317251	78.44692896507838	0.07731006895213753
244.95833333333334	299.99608148645484	1.0578676175210622	61.63182532567661	0.07745279989051625
244.97222222222223	299.73704818913956	-2.276121835283148	44.816721686235944	0.07758794702835552
244.98611111111111	299.4780148918249	-5.6101112880794455	28.001618046833666	0.07771495512871585
245.0	299.21898159450956	-8.944100740883082	11.186514407396317	0.07783324659954703
245.01388888888889	299.1341636375143	-8.670513047664073	10.61592971027603	0.07774232470208323
245.02777777777777	299.0493456805195	-8.396925354445525	10.045345013156535	0.07764532133530949
245.04166666666666	298.96452772352427	-8.123337661226456	9.47476031603608	0.07754238506719639
245.05555555555554	298.8797097665293	-7.849749968007911	8.904175618916588	0.07743366600099945
245.06944444444446	298.794891809534	-7.576162274788774	8.33359092179619	0.07731931550255872
245.08333333333334	298.7100738525391	-7.302574581570251	7.763006224676741	0.07719948593471009
245.09722222222223	298.62525589554394	-7.028986888351158	7.192421527556241	0.07707433039937653
245.11111111111111	298.54043793854896	-6.755399195132615	6.621836830436751	0.07694400248786065
245.125	298.45561998155387	-6.4818115019136	6.0512521333164635	0.07680865603977913
245.13888888888889	298.328975423177	-6.335773426625354	5.632881438819162	0.07666658565206101
245.15277777777777	298.20233086480044	-6.189735351337386	5.214510744322759	0.0765196931553842
245.16666666666666	298.0756863064235	-6.0436972760490955	4.796140049825397	0.07636813880846306
245.18055555555554	297.94904174804697	-5.897659200761123	4.377769355328997	0.07621208214188692
245.19444444444446	297.82239718966997	-5.751621125472846	3.959398660831531	0.07605168175303974
245.20833333333334	297.69575263129343	-5.605583050184886	3.5410279663351583	0.07588709511214653
245.22222222222223	297.5691080729166	-5.459544974896586	3.1226572718377685	0.0757184783794775
245.23611111111111	297.44246351454007	-5.313506899608614	2.7042865773413673	0.07554598623371592
245.25	297.3158189561631	-5.167468824320369	2.285915882844064	0.07536977171142073
245.26388888888889	297.2281864119163	-5.01264256524067	2.251113233720018	0.07534440202801633
245.27777777777777	297.1405538676697	-4.857816306161348	2.216310584595729	0.07531890423406366
245.29166666666666	297.052921323423	-4.702990047081661	2.181507935471659	0.0752932781019592
245.30555555555554	296.9652887791764	-4.548163788002339	2.1467052863473697	0.0752675234050757
245.31944444444446	296.8776562349295	-4.39333752892255	2.1119026372232366	0.07524163991777155
245.33333333333334	296.79002369068303	-4.2385112698432525	2.0770999880989542	0.07521562741540162
245.34722222222223	296.70239114643607	-4.083685010763541	2.0422973389748775	0.07518948567432694
245.36111111111111	296.6147586021894	-3.9288587516842193	2.0074946898505868	0.07516321447192542
245.375	296.52712605794267	-3.7740324926045203	1.9726920407265425	0.07513681358660154
245.38888888888889	296.79560002456503	-0.9324900671626148	10.627182178851823	0.0751102529827801
245.40277777777777	297.0640739911866	1.9090523582722143	19.281672316956154	0.07508355254816919
245.41666666666666	297.33254795780897	4.750594783714365	27.93616245508216	0.07505671192050982
245.43055555555554	297.60102192443077	7.592137209149192	36.590652593186505	0.07502973073800666
245.44444444444446	297.8694958910532	10.433679634592277	45.24514273131622	0.07500260863934055
245.45833333333334	298.13796985767493	13.275222060027055	53.89963286942045	0.07497534526368249
245.47222222222223	298.40644382429724	16.116764485469254	62.55412300754657	0.07494794025070624
245.48611111111111	298.67491779091887	18.95830691090409	71.2086131456509	0.0749203932406025
245.5	298.94339175754124	21.799849336345993	79.86310328377618	0.0748927038740917
245.51388888888889	299.28519984115815	30.163337682508693	107.27813141436854	0.07487632788037211
245.52777777777777	299.6270079247743	38.526826028651136	134.6931595448984	0.07485997724269512
245.54166666666666	299.96881600839134	46.890314374814906	162.10818767549452	0.07484365205170125
245.55555555555554	300.31062409200763	55.25380272095734	189.52321580602438	0.07482735239553628
245.56944444444446	300.6524321756247	63.61729106712339	216.9382439366277	0.07481107835988997
245.58333333333334	300.99424025924094	71.98077941326578	244.35327206715698	0.07479483002803496
245.59722222222223	301.3360483428579	80.34426775942961	271.7683001977536	0.0747786074808648
245.61111111111111	301.67785642647414	88.70775610557206	299.1833283282834	0.07476241079693173
245.625	302.0196645100911	97.07124445173477	326.5983564588759	0.07474624005248308
245.63888888888889	302.0720357824255	97.0823922039544	328.37867680302406	0.07472938512114205
245.65277777777777	302.1244070547598	97.09353995617532	330.15899714717114	0.07471256238776927
245.66666666666666	302.1767783270941	97.10468770839512	331.9393174913202	0.07469577191075603
245.68055555555554	302.22914959942847	97.11583546061605	333.71963783546715	0.07467901374584626
