day	sst(K)	H(W/m2)	LE(W/m2)	TAU(m2/s2)
244.0	299.31024998256146	-9.759034727300918	8.989333433764322	0.0776982958174437
244.01388888888889	299.21356206015935	-9.568113393253542	8.738827469802958	0.07759239931723337
244.02777777777777	299.1168741377574	-9.377192059206687	8.488321505841862	0.07747932946161559
244.04166666666666	299.0201862153553	-9.186270725159348	8.237815541880442	0.07735916231107168
244.05555555555554	298.92349829295335	-8.995349391112487	7.987309577919349	0.07723197947802571
244.06944444444446	298.8268103705512	-8.804428057064852	7.736803613957748	0.07709786794855823
244.08333333333334	298.7301224481493	-8.613506723017982	7.486297649996658	0.07695691989358318
244.09722222222223	298.6334345257472	-8.422585388970656	7.235791686035232	0.0768092324702792
244.11111111111111	298.53674660334514	-8.231664054923797	6.985285722074136	0.07665490761462636
244.125	298.44005868094314	-8.040742720876422	6.734779758112771	0.07649405182589247
244.13888888888889	298.3113130115326	-7.9618069425460165	6.304633141509552	0.0763260991067624
244.15277777777777	298.18256734212247	-7.882871164215967	5.874486524907543	0.0761522325116325
244.16666666666666	298.05382167271193	-7.80393538588557	5.444339908304296	0.0759726165271861
244.18055555555554	297.92507600330185	-7.724999607555517	5.01419329170229	0.07578741714513715
244.19444444444446	297.7963303338913	-7.64606382922514	4.584046675098946	0.07559680155941707
244.20833333333334	297.6675846644812	-7.567128050895096	4.153900058496961	0.07540093787094389
244.22222222222223	297.53883899507065	-7.488192272564694	3.723753441893692	0.07519999480066739
244.23611111111111	297.4100933256605	-7.409256494234643	3.2936068252916852	0.07499414141155378
244.25	297.28134765625003	-7.330320715904237	2.863460208688464	0.07478354684005598
244.26388888888889	297.19322185213593	-7.1142853876898755	2.800605918768649	0.07479785199703472
244.27777777777777	297.1050960480221	-6.898250059476056	2.7377516288487835	0.0748119788868121
244.29166666666666	297.0169702439081	-6.682214731261678	2.6748973389289494	0.07482593072939185
244.30555555555554	296.9288444397942	-6.466179403047858	2.612043049009084	0.07483971066933481
244.31944444444446	296.84071863568016	-6.25014407483344	2.5491887590892155	0.07485332177792033
244.33333333333334	296.7525928315663	-6.034108746619638	2.486334469169364	0.07486676705522984
244.34722222222223	296.6644670274522	-5.818073418405241	2.423480179249516	0.07488004943216577
244.36111111111111	296.57634122333843	-5.602038090191423	2.36062588932965	0.07489317177239826
244.375	296.4882154192244	-5.38600276197706	2.297771599409836	0.0749061368742521
244.38888888888889	296.77301151336223	-2.263990909330819	11.489424517004684	0.0749196316928701
244.40277777777777	297.0578076074993	0.8580209433073978	20.681077434573968	0.07493296702665986
244.41666666666666	297.3426037016372	3.980032795953819	29.872730352169235	0.07494614560396545
244.43055555555554	297.6273997957742	7.102044648592035	39.06438326973853	0.07495917009263643
244.44444444444446	297.91219588991225	10.224056501239465	48.256036187337344	0.07497204310166772
244.45833333333334	298.19699198404925	13.346068353877497	57.44768910490635	0.07498476718278235
244.47222222222223	298.4817880781871	16.468080206524103	66.63934202250189	0.0749973448319692
244.48611111111111	298.76658417232426	19.59009205916232	75.8309949400712	0.07500977849096714
244.5	299.05138026646205	22.71210391180856	85.02264785766603	0.07502207054870766
244.51388888888889	299.455325220502	32.67966031272438	115.1890978132308	0.07501360097530205
244.52777777777777	299.859270174541	42.64721671361351	145.35554776871643	0.07500505555043345
244.54166666666666	300.263215128581	52.614773114529974	175.52199772428347	0.0749964332739451
244.55555555555554	300.66716008262	62.58232951541911	205.6884476797691	0.07498773312834194
244.56944444444446	301.0711050366602	72.54988591633926	235.85489763534676	0.07497895407841823
244.58333333333334	301.4750499906992	82.51744231722805	266.02134759083134	0.07497009507087724
244.59722222222223	301.8789949447391	92.48499871814484	296.18779754639934	0.07496115503393938
244.61111111111111	302.2829398987781	102.45255511903397	326.354247501885	0.07495213287694227
244.625	302.6868848528181	112.4201115199498	356.5206974574498	0.07494302748992848
244.63888888888889	302.7855670747304	113.51561664399763	357.7591964479468	0.07493426825164619
244.65277777777777	302.8842492966425	114.61112176804268	358.9976954384453	0.07492543112202028
244.66666666666666	302.9829315185548	115.70662689209043	360.23619442894284	0.0749165150821938
244.68055555555554	303.08161374046676	116.80213201613549	361.47469341944145	0.07490751909579983
244.69444444444446	303.1802959623792	117.89763714018432	362.7131924099392	0.07489844210858888
244.70833333333334	303.27897818429125	118.99314226422933	363.9516914004374	0.07488928304804847
244.72222222222223	303.3776604062035	120.08864738827711	365.1901903909353	0.0748800408230112
244.73611111111111	303.4763426281157	121.18415251232214	366.42868938143386	0.07487071432325473
244.75	303.575024850028	122.27965763636999	367.6671883719308	0.07486130241908981
244.76388888888889	303.4678657652839	111.43102165251234	345.3569117349045	0.07507023082348882
244.77777777777777	303.3607066805401	100.58238566868339	323.0466350979371	0.07527773069453358
244.79166666666666	303.2535475957961	89.7337496848253	300.7363584609091	0.07548345744355754
244.80555555555554	303.1463885110523	78.88511370099633	278.4260818239417	0.07568703803110384
244.81944444444446	303.0392294263082	68.03647771713375	256.1158051869052	0.07588806911430401
244.83333333333334	302.9320703415643	57.18784173330525	233.8055285499384	0.0760861151214828
244.84722222222223	302.8249112568204	46.339205749446705	211.49525191290985	0.07628070625967205
244.86111111111111	302.71775217207664	35.49056976561772	189.18497527594232	0.07647133646268783
244.875	302.61059308733263	24.641933781760084	166.87469863891604	0.07665746128980436
244.88888888888889	302.3012732127352	20.74578670281785	149.6808112121588	0.07683875702166515
244.90277777777777	301.9919533381388	16.849639623885828	132.48692378544368	0.07701430528737212
244.91666666666666	301.6826334635414	12.953492544943364	115.29303635868501	0.07718343195612999
244.93055555555554	301.37331358894494	9.057345466011338	98.0991489319699	0.07734541595004674
244.94444444444446	301.06399371434753	5.161198387067232	80.90526150520532	0.07749948717373849
244.95833333333334	300.754673839751	1.2650513081353265	63.71137407849107	0.07764482452860862
244.97222222222223	300.44535396515363	-2.6310957708072533	46.517486651731545	0.07778055404987391
244.98611111111111	300.1360340905572	-6.527242849739281	29.32359922501642	0.07790574721012501
245.0	299.82671421595984	-10.42338992868151	12.129711798259194	0.07801941943936869
245.01388888888889	299.7132198273188	-10.041505619646765	11.42536732885514	0.077915729129282
245.02777777777777	299.59972543867815	-9.659621310612659	10.721022859452491	0.07780163523649163
245.04166666666666	299.48623105003713	-9.277737001577842	10.016678390048346	0.07767774888057953
245.05555555555554	299.3727366613964	-8.895852692543729	9.312333920645699	0.07754466314661489
245.06944444444446	299.25924227275544	-8.513968383508802	8.607989451241512	0.07740295242298868
245.08333333333334	299.1457478841147	-8.132084074474724	7.903644981838955	0.07725317189782245
245.09722222222223	299.0322534954737	-7.750199765439877	7.199300512434719	0.07709585720076416
245.11111111111111	298.91875910683297	-7.368315456405766	6.494956043032069	0.0769315241771713
245.125	298.805264718192	-6.98643114737102	5.790611573628018	0.07676066878196713
245.13888888888889	298.65281560988643	-6.845920897665433	5.489753664012631	0.0765829594340431
245.15277777777777	298.5003665015812	-6.705410647959986	5.1888957543979775	0.07639958518466257
245.16666666666666	298.3479173932755	-6.564900398254393	4.8880378447825645	0.07621098634067391
245.18055555555554	298.19546828497033	-6.4243901485489445	4.58717993516791	0.07601758385828579
245.19444444444446	298.0430191766647	-6.283879898843223	4.286322025552425	0.07581977964317906
245.20833333333334	297.8905700683595	-6.1433696491377905	3.985464115937794	0.07561795690772144
245.22222222222223	297.73812096005383	-6.002859399432182	3.684606206322359	0.07541248057665265
245.23611111111111	297.58567185174866	-5.862349149726733	3.3837482967077053	0.0752036977333201
245.25	297.4332227434431	-5.721838900021145	3.0828903870923194	0.07499193809918603
245.26388888888889	297.33831888834624	-5.528442497113626	3.141538399966679	0.07494525390570998
245.27777777777777	297.2434150332497	-5.335046094206674	3.200186412840575	0.07489784810211066
245.29166666666666	297.1485111781529	-5.141649691299167	3.258834425714953	0.07484970766791277
245.30555555555554	297.0536073230562	-4.948253288392217	3.317482438588848	0.07480081931430366
245.31944444444446	296.95870346795937	-4.754856885484582	3.376130451463097	0.07475116947808663
245.33333333333334	296.8637996128628	-4.561460482577636	3.4347784643369996	0.07470074431550157
245.34722222222223	296.76889575776596	-4.368064079670124	3.4934264772113703	0.07464952969589558
245.36111111111111	296.6739919026694	-4.174667676763171	3.5520744900852654	0.07459751119525491
245.375	296.57908804757255	-3.981271273855653	3.610722502959627	0.07454467408958051
245.38888888888889	296.884024532258	-1.171544235846469	12.778459332776267	0.07449066245086962
245.40277777777777	297.1889610169424	1.6381828021541474	21.946196162566547	0.07443579367193169
245.41666666666666	297.4938975016279	4.4479098401633825	31.11393299238343	0.07438005191439072
245.43055555555554	297.79883398631233	7.257636878164	40.28166982217371	0.07432342100817486
245.44444444444446	298.1037704709979	10.067363916174333	49.44940665199478	0.07426588444402867
245.45833333333334	298.4087069556824	12.877090954174903	58.61714348178491	0.07420742536586557
245.47222222222223	298.7136434403678	15.686817992184185	67.78488031160194	0.07414802656294074
245.48611111111111	299.0185799250523	18.496545030184798	76.95261714139222	0.07408767046185752
245.5	299.3235164097377	21.30627206819398	86.12035397120884	0.0740263391183877
245.51388888888889	299.69760209340933	30.481863116471956	114.54454379614701	0.07411660253493929
245.52777777777777	300.07168777708006	39.65745416472425	142.96873362101	0.0742060343232493
245.54166666666666	300.4457734607517	48.83304521300275	171.3929234459504	0.07429462873158404
245.55555555555554	300.8198591444225	58.00863626125503	199.81711327081337	0.07438238008574843
245.56944444444446	301.19394482809435	67.18422730953732	228.24130309576387	0.07446928279052474
245.58333333333334	301.56803051176513	76.35981835778946	256.665492920626	0.07455533133109019
245.59722222222223	301.9421161954367	85.53540940606811	285.08968274556725	0.07464052027441864
245.61111111111111	302.31620187910744	94.7110004543204	313.51387257043024	0.07472484427066015
245.625	302.69028756277896	103.88659150259838	341.9380623953683	0.07480829805450259
245.63888888888889	302.7474254305401	104.46150746421165	343.5642198835108	0.07489013070222135
245.65277777777777	302.8045632983011	105.03642342582572	345.1903773716512	0.07497109122562816
245.66666666666666	302.8617011660622	105.61133938743909	346.8165348597943	0.07505117500488685
245.68055555555554	302.9188390338231	106.18625534905313	348.44269234793467	0.07513037750930567
