day	sst(K)	H(W/m2)	LE(W/m2)	TAU(m2/s2)
244.0	299.1729766845703	-9.181277775764466	9.90723204612732	0.0782537508555461
244.01388888888889	299.06862996419267	-8.851690459251245	9.298561863104121	0.07826842307191612
244.02777777777777	298.96428324381515	-8.522103142738505	8.68989168008195	0.07828203672364277
244.04166666666666	298.8599365234374	-8.192515826225137	8.08122149705845	0.07829464758850642
244.05555555555554	298.75558980305993	-7.862928509712393	7.472551314036278	0.07830630829450312
244.06944444444446	298.65124308268224	-7.533341193198985	6.863881131013008	0.07831706851686122
244.08333333333334	298.5468963623047	-7.203753876686229	6.2552109479907685	0.07832697516147792
244.09722222222223	298.44254964192703	-6.874166560172873	5.646540764967338	0.0783360725357967
244.11111111111111	298.3382029215495	-6.54457924366013	5.0378705819451675	0.07834440250805978
244.125	298.2338562011718	-6.2149919271469125	4.429200398921966	0.0783520046557997
244.13888888888889	298.1104980468749	-6.123519134521513	4.171862853897889	0.07835882776946833
244.15277777777777	297.98713989257817	-6.032046341896086	3.9145253088740044	0.07836501166543479
244.16666666666666	297.86378173828115	-5.940573549270654	3.6571877638498367	0.07837058893541717
244.18055555555554	297.74042358398447	-5.8491007566452256	3.3998502188259527	0.07837559043385317
244.19444444444446	297.6170654296874	-5.757627964019752	3.142512673801764	0.07838004538007236
244.20833333333334	297.49370727539065	-5.666155171394303	2.8851751287778926	0.07838398145383457
244.22222222222223	297.3703491210937	-5.574682378768893	2.627837583753712	0.07838742488470654
244.23611111111111	297.24699096679694	-5.483209586143466	2.3705000387298276	0.07839040053571011
244.25	297.1236328125	-5.391736793518067	2.1131624937057496	0.07839293198164528
244.26388888888889	297.0576714409722	-5.083049538979887	1.9551731949464028	0.07837448099944544
244.27777777777777	296.99171006944454	-4.774362284441854	1.7971838961873472	0.07834464238257512
244.29166666666666	296.9257486979166	-4.465675029903648	1.6391945974280016	0.07830349463551901
244.30555555555554	296.8597873263889	-4.1569877753656135	1.4812052986689461	0.07825113051432238
244.31944444444446	296.79382595486106	-3.8483005208272716	1.3232159999094355	0.07818765666735993
244.33333333333334	296.7278645833333	-3.539613266289284	1.1652267011503576	0.07811319323042853
244.34722222222223	296.66190321180557	-3.2309260117510314	1.0072374023910342	0.07802787337900254
244.36111111111111	296.5959418402778	-2.9222387572129978	0.8492481036319789	0.07793184284074833
244.375	296.52998046875	-2.6135515026748184	0.6912588048726318	0.07782525937159401
244.38888888888889	296.7705617268882	-0.004152026439259632	8.551353596653053	0.07770928901779563
244.40277777777777	297.0111429850259	2.605247449790917	16.4114483884191	0.07758324699806225
244.41666666666666	297.2517242431642	5.214646926027195	24.27154318020134	0.07744731166867493
244.43055555555554	297.4923055013019	7.82404640225737	32.13163797196738	0.07730167101679826
244.44444444444446	297.7328867594403	10.433445878494098	39.991732763752424	0.07714652205651232
244.45833333333334	297.97346801757794	13.042845354724703	47.85182755551934	0.07698207020887647
244.47222222222223	298.21404927571626	15.65224483096055	55.71192234730071	0.07680852866952367
244.48611111111111	298.45463053385396	18.26164430719073	63.572017139066745	0.07662611776727656
244.5	298.69521179199216	20.871043783426288	71.43211193084717	0.07643506431717068
244.51388888888889	299.03641086154533	29.45197411113874	99.56111501059658	0.07644883281784604
244.52777777777777	299.37760993109794	38.03290443883631	127.69011809029995	0.07646248223017812
244.54166666666666	299.7188090006511	46.61383476655146	155.81912117005834	0.07647601382278238
244.55555555555554	300.0600080702038	55.19476509424904	183.9481242497617	0.07648942884814301
244.56944444444446	300.40120713975716	63.77569542196534	212.07712732952297	0.07650272854284862
244.58333333333334	300.7424062093098	72.35662574966385	240.20613040922782	0.07651591412782643
244.59722222222223	301.083605278863	80.93755607737806	268.3351334889847	0.0765289868085706
244.61111111111111	301.4248043484156	89.51848640507565	296.4641365686881	0.0765419477753687
244.625	301.76600341796876	98.09941673278809	324.5931396484375	0.07655479820352216
244.63888888888889	301.826705593533	98.21086892021931	328.6875566270629	0.07656751223230365
244.65277777777777	301.8874077690972	98.32232110765254	332.78197360568424	0.07658011074706622
244.66666666666666	301.9481099446615	98.43377329508411	336.87639058431205	0.0765925950773713
244.68055555555554	302.0088121202256	98.54522548251734	340.9708075629334	0.07660496653426307
244.69444444444446	302.06951429579	98.65667766994851	345.06522454155885	0.07661722641056815
244.70833333333334	302.1302164713542	98.76812985738178	349.1596415201809	0.07662937598119222
244.72222222222223	302.1909186469184	98.8795820448133	353.254058498808	0.07664141650340935
244.73611111111111	302.2516208224826	98.99103423224652	357.34847547742925	0.07665334921714756
244.75	302.31232299804685	99.10248641967775	361.4428924560547	0.07666517534526737
244.76388888888889	302.1984883626301	90.15975145233483	339.29158308239715	0.07674386156554955
244.77777777777777	302.08465372721355	81.21701648500608	317.1402737087767	0.0768224169095185
244.79166666666666	301.9708190917968	72.27428151766014	294.98896433511214	0.07690076794441537
244.80555555555554	301.85698445638025	63.331546550331396	272.8376549614917	0.07697883497097768
244.81944444444446	301.7431498209635	54.38881158298465	250.6863455878248	0.07705653153706421
244.83333333333334	301.6293151855469	45.44607661565466	228.53503621420256	0.0771337639134405
244.84722222222223	301.5154805501301	36.50334164830995	206.3837268405398	0.07721043052881174
244.86111111111111	301.4016459147136	27.56060668098122	184.23241746691923	0.07728642136097365
244.875	301.2878112792969	18.61787171363831	162.0811080932617	0.07736161728074528
244.88888888888889	301.0593760172525	15.65025433434228	145.22789876724957	0.07743761382444961
244.90277777777777	300.8309407552085	12.682636955050528	128.37468944126408	0.0775124729645118
244.91666666666666	300.60250549316396	9.715019575753441	111.52148011524616	0.07758603362712077
244.93055555555554	300.3740702311199	6.747402196461688	94.66827078926067	0.07765812152053017
244.94444444444446	300.1456349690754	3.779784817164411	77.81506146324178	0.07772854810431694
244.95833333333334	299.91719970703133	0.8121674378725083	60.96185213725493	0.07779710948009393
244.97222222222223	299.6887644449869	-2.155449941424427	44.108642811238376	0.0778635851982856
244.98611111111111	299.4603291829428	-5.12306732071618	27.255433485252876	0.07792773697534756
245.0	299.2318939208984	-8.090684700012208	10.402224159240722	0.07798930731562186
245.01388888888889	299.1579925537109	-8.03399065931631	9.897537027464942	0.07789767311999296
245.02777777777777	299.08409118652344	-7.9772966186205965	9.392849895689443	0.07779834952972282
245.04166666666666	299.0101898193359	-7.92060257792468	8.888162763913352	0.07769172496373296
245.05555555555554	298.9362884521485	-7.8639085372289665	8.383475632137856	0.077578178175289
245.06944444444446	298.86238708496086	-7.8072144965330095	7.878788500361843	0.0774580779157468
245.08333333333334	298.78848571777337	-7.750520455837295	7.37410136858625	0.0773317826638813
245.09722222222223	298.7145843505859	-7.69382641514138	6.869414236810252	0.07719964041627855
245.11111111111111	298.6406829833985	-7.637132374445669	6.364727105034756	0.07706198853430427
245.125	298.56678161621096	-7.580438333749772	5.860039973258973	0.0769191536432086
245.13888888888889	298.45951741536453	-7.411742172638494	5.420806490050144	0.07677066318988875
245.15277777777777	298.35225321451827	-7.243046011527445	4.981573006842041	0.07661754239583025
245.16666666666666	298.24498901367184	-7.074349850416057	4.542339523633109	0.07646008835629009
245.18055555555554	298.1377248128256	-6.905653689305009	4.103106040425006	0.07629858747394586
245.19444444444446	298.0304606119791	-6.736957528193773	3.6638725572159854	0.07613331554450618
245.20833333333334	297.92319641113284	-6.568261367082743	3.2246390740079174	0.07596453787183015
245.22222222222223	297.8159322102864	-6.399565205971334	2.785405590798951	0.0757925094091651
245.23611111111111	297.7086680094402	-6.230869044860286	2.346172107590848	0.07561747492333358
245.25	297.6014038085937	-6.062172883749009	1.906938624382019	0.07543966917887784
245.26388888888889	297.50046522352426	-5.887537125001134	1.8504410571524341	0.07545163467074086
245.27777777777777	297.39952663845486	-5.7129013662537504	1.793943489922424	0.07546350983332435
245.29166666666666	297.29858805338534	-5.538265607505911	1.7374459226927463	0.07547529560567266
245.30555555555554	297.197649468316	-5.363629848758527	1.6809483554627367	0.0754869929145446
245.31944444444446	297.0967108832465	-5.188994090010575	1.6244507882330952	0.07549860267460831
245.33333333333334	296.9957722981772	-5.014358331263258	1.5679532210030847	0.07551012578862724
245.34722222222223	296.8948337131076	-4.8397225725153525	1.5114556537734074	0.0755215631476484
245.36111111111111	296.7938951280383	-4.665086813767969	1.4549580865433973	0.07553291563118172
245.375	296.6929565429687	-4.490451055020094	1.3984605193138124	0.07554418410738119
245.38888888888889	296.9299709743925	-1.8505437751596658	9.285835764147752	0.07555578109156544
245.40277777777777	297.16698540581586	0.7893635046969363	17.17321100896939	0.07556729644323033
245.41666666666666	297.40399983723967	3.429270784558022	25.06058625380515	0.07557873094315552
245.43055555555554	297.641014268663	6.069178064414624	32.94796149862678	0.07559008536278984
245.44444444444446	297.87802870008693	8.709085344276067	40.835336743465355	0.07560136046438665
245.45833333333334	298.1150431315103	11.348992624132732	48.722711988287344	0.07561255700113174
245.47222222222223	298.3520575629341	13.988899903993758	56.610087233122755	0.07562367571727437
245.48611111111111	298.5890719943574	16.62880718385036	64.49746247794438	0.07563471734825111
245.5	298.8260864257813	19.268714463710786	72.38483772277831	0.07564568262081243
245.51388888888889	299.1590003119576	26.79377809101128	98.60919342042665	0.07551926000666773
245.52777777777777	299.4919141981336	34.31884171829986	124.83354911803156	0.07538893388229903
245.54166666666666	299.82482808431	41.84390534560287	151.0579048156875	0.07525463233762088
245.55555555555554	300.157741970486	49.36896897289145	177.28226051329239	0.07511628309714807
245.56944444444446	300.49065585666244	56.894032600194336	203.50661621095082	0.07497381357013357
245.58333333333334	300.8235697428384	64.41909622748355	229.73097190855742	0.0748271509036064
245.59722222222223	301.15648362901493	71.94415985478594	255.95532760621163	0.07467622203835526
245.61111111111111	301.4893975151908	79.46922348207451	282.17968330381655	0.07452095376791666
245.625	301.8223114013672	86.994287109375	308.4040390014649	0.07436127280060541
245.63888888888889	301.87362569173183	87.32314296298517	311.3688863118487	0.07419550581030501
245.65277777777777	301.92493998209636	87.65199881659602	314.33373362223216	0.07402514530825711
245.66666666666666	301.976254272461	87.98085467020692	317.29858093261856	0.0738501205040871
245.68055555555554	302.0275685628255	88.30971052381776	320.263428243002	0.07367036094810636
