day	sst(K)	H(W/m2)	LE(W/m2)	TAU(m2/s2)
244.0	298.73420817057286	-7.006618738174438	9.383808096249899	0.0776053949589671
244.01388888888889	298.6603734334309	-6.733308305342743	8.745701725283721	0.07746265340400176
244.02777777777777	298.5865386962891	-6.459997872511639	8.107595354318807	0.07731382812807443
244.04166666666666	298.5127039591471	-6.186687439679957	7.469488983352545	0.0771598629346376
244.05555555555554	298.4388692220052	-5.913377006848853	6.831382612387631	0.07700160290104173
244.06944444444446	298.3650344848632	-5.640066574017006	6.193276241421407	0.076839803820212
244.08333333333334	298.29119974772135	-5.366756141185944	5.555169870456509	0.07667514083678478
244.09722222222223	298.21736501057933	-5.09344570835422	4.917063499490231	0.07650821632425946
244.11111111111111	298.14353027343753	-4.820135275523116	4.278957128525316	0.07633956705276697
244.125	298.06969553629557	-4.5468248426914215	3.6408507575591402	0.07616967069809165
244.13888888888889	297.95513650399647	-4.419559765744965	3.4292912072052135	0.07600180396027958
244.15277777777777	297.84057747169777	-4.292294688798792	3.217731656851667	0.07583362254840025
244.16666666666666	297.7260184393988	-4.165029611852343	3.006172106497744	0.07566544441012417
244.18055555555554	297.6114594071	-4.037764534906168	2.7946125561441972	0.07549755007013526
244.19444444444446	297.496900374801	-3.910499457959711	2.583053005790115	0.0753301864908352
244.20833333333334	297.38234134250223	-3.7832343810135742	2.371493455436593	0.07516357054671341
244.22222222222223	297.26778231020313	-3.6559693040670895	2.1599339050826445	0.07499789214941273
244.23611111111111	297.15322327790454	-3.5287042271209152	1.9483743547290984	0.07483331705747133
244.25	297.03866424560545	-3.4014391501744585	1.7368148043751719	0.07466998940168815
244.26388888888889	296.96085544162315	-3.3185273233662342	1.8269747601892914	0.0747254325786483
244.27777777777777	296.88304663764103	-3.2356154965581716	1.917134716002999	0.07478052943880242
244.29166666666666	296.8052378336588	-3.152703669749983	2.007294671817103	0.07483527787513385
244.30555555555554	296.72742902967667	-3.0697918429419206	2.0974546276308104	0.0748896757908773
244.31944444444446	296.6496202256944	-2.986880016133705	2.187614583444893	0.07494372109976137
244.33333333333334	296.57181142171225	-2.903968189325714	2.277774539258573	0.07499741172624705
244.34722222222223	296.49400261773	-2.821056362517454	2.3679344950727037	0.07505074560576967
244.36111111111111	296.4161938137479	-2.738144535709391	2.4580944508864118	0.07510372068497694
244.375	296.3383850097656	-2.655232708901166	2.5482544067005315	0.07515633492197074
244.38888888888889	296.6156213831021	0.7433239343025475	11.29520744417393	0.07520711567674368
244.40277777777777	296.89285775643793	4.141880577497712	20.042160481624826	0.07525756760781972
244.41666666666666	297.1700941297745	7.540437220701692	28.789113519098837	0.07530768855549894
244.43055555555554	297.44733050311027	10.938993863896858	37.53606655654973	0.07535747636740843
244.44444444444446	297.72456687644694	14.337550507102081	46.28301959402694	0.07540692889874015
244.45833333333334	298.0018032497827	17.736107150297368	55.02997263147809	0.07545604401248544
244.47222222222223	298.2790396231193	21.134663793501222	63.77692566895183	0.07550481957967362
244.48611111111111	298.55627599645504	24.533220436696393	72.52387870640274	0.07555325347960734
244.5	298.83351236979166	27.9317770799001	81.27083174387614	0.07560134360010246
244.51388888888889	299.1579857155131	36.78526800651017	109.36342705623272	0.07540367116802708
244.52777777777777	299.48245906123395	45.638758933099346	137.4560223685268	0.07520284414057915
244.54166666666666	299.8069324069554	54.492249859710306	165.54861768088603	0.0749991502906192
244.55555555555554	300.13140575267624	63.34574078629949	193.6412129931801	0.07479286392770969
244.56944444444446	300.45587909839793	72.19923171291214	221.7338083055463	0.07458424625458351
244.58333333333334	300.78035244411865	81.05272263950147	249.82640361784053	0.07437354573931106
244.59722222222223	301.1048257898402	89.90621356611226	277.9189989301996	0.07416099849959663
244.61111111111111	301.429299135561	98.75970449270145	306.01159424249363	0.07394682869599034
244.625	301.75377248128257	107.61319541931151	334.1041895548503	0.07373124893111706
244.63888888888889	301.7466223257559	106.34088586877664	336.0910140143501	0.07351236915859782
244.65277777777777	301.73947217022925	105.06857631824695	338.0778384738495	0.07329241590877034
244.66666666666666	301.7323220147027	103.79626676771214	340.0646629333499	0.07307157423360777
244.68055555555554	301.7251718591761	102.52395721718247	342.0514873928493	0.07285001903116976
244.69444444444446	301.7180217036494	101.25164766664729	344.0383118523492	0.07262791544435317
244.70833333333334	301.71087154812284	99.97933811611766	346.02513631184854	0.07240541925472896
244.72222222222223	301.70372139259615	98.70702856558279	348.01196077134904	0.07218267727021326
244.73611111111111	301.6965712370695	97.43471901505313	349.99878523084845	0.07195982770551465
244.75	301.68942108154295	96.16240946451822	351.9856096903483	0.07173700055446368
244.76388888888889	301.5608160513417	87.58009698655088	330.4108311688248	0.0721460057986684
244.77777777777777	301.43221102114074	78.99778450860238	308.8360526473514	0.07254659444127917
244.79166666666666	301.30360599093956	70.41547203063408	287.26127412582633	0.07293823127414777
244.80555555555554	301.1750009607386	61.83315955268556	265.68649560435296	0.07332037883397431
244.81944444444446	301.0463959305374	53.25084707471515	244.1117170828215	0.07369249908535777
244.83333333333334	300.91779090033646	44.668534596766364	222.53693856134825	0.07405405519798325
244.84722222222223	300.78918587013516	36.08622211879833	200.962160039823	0.07440451341042637
244.86111111111111	300.6605808399342	27.503909640849827	179.38738151834968	0.0747433449715261
244.875	300.53197580973307	18.921597162882488	157.81260299682617	0.07507002814891162
244.88888888888889	300.3061118231877	15.938148212650864	141.47116851474098	0.07537330598050943
244.90277777777777	300.0802478366428	12.954699262425788	125.12973403268974	0.07566410035987114
244.91666666666666	299.85438385009746	9.971250312193934	108.78829955060259	0.07594200469042617
244.93055555555554	299.6285198635526	6.9878013619688595	92.44686506855132	0.07620662769272621
244.94444444444446	299.40265587700713	4.0043524117363045	76.10543058646081	0.07645759505548268
244.95833333333334	299.17679189046237	1.0209034615115486	59.76399610441116	0.07669455104910458
244.97222222222223	298.9509279039169	-1.9625454887206235	43.42256162232239	0.07691716008860644
244.98611111111111	298.72506391737215	-4.945994438945699	27.081127140271132	0.07712510823271396
245.0	298.49919993082676	-7.9294433891773215	10.73969265818596	0.07731810460623216
245.01388888888889	298.4387406525787	-7.601457037307398	10.270246390942972	0.07726572888984448
245.02777777777777	298.37828137433087	-7.2734706854379825	9.800800123700505	0.0772112617530016
245.04166666666666	298.31782209608275	-6.945484333567996	9.331353856457381	0.07715462519522812
245.05555555555554	298.257362817835	-6.6174979816985795	8.861907589214912	0.0770957380862349
245.06944444444446	298.1969035395869	-6.289511629828546	8.392461321971943	0.07703451603316314
245.08333333333334	298.136444261339	-5.96152527795917	7.92301505472957	0.07697087124225144
245.09722222222223	298.0759849830909	-5.633538926089144	7.4535687874863505	0.07690471237472517
245.11111111111111	298.01552570484307	-5.3055525742197265	6.984122520243878	0.07683594439671909
245.125	297.95506642659507	-4.977566222349803	6.514676253000895	0.07676446842303158
245.13888888888889	297.84237687852635	-4.843960755400986	5.976592966734294	0.07668550019132932
245.15277777777777	297.72968733045786	-4.710355288452633	5.438509680468939	0.07660338725259276
245.16666666666666	297.6169977823892	-4.576749821503787	4.900426394202278	0.07651801431615796
245.18055555555554	297.5043082343208	-4.443144354555434	4.3623431079369235	0.07642926173159068
245.19444444444446	297.39161868625206	-4.309538887606635	3.8242598216701102	0.07633700532865456
245.20833333333334	297.2789291381836	-4.175933420658281	3.2861765354047883	0.07624111625278898
245.22222222222223	297.16623959011497	-4.042327953709435	2.748093249138095	0.07614146079614643
245.23611111111111	297.05355004204654	-3.908722486761083	2.2100099628727397	0.0760379002242902
245.25	296.9408604939779	-3.7751170198122654	1.6719266766061385	0.07593029059866153
245.26388888888889	296.872799513075	-3.681797178255172	1.5461773535719028	0.07589246601623548
245.27777777777777	296.8047385321723	-3.5884773366981375	1.4204280305378305	0.07585455672605873
245.29166666666666	296.73667755126945	-3.495157495141032	1.2946787075035784	0.07581656597119615
245.30555555555554	296.6686165703668	-3.401837653583997	1.1689293844695063	0.07577849693945031
245.31944444444446	296.60055558946385	-3.308517812026824	1.0431800614351858	0.07574035276415289
245.33333333333334	296.53249460856125	-3.215197970469803	0.9174307384011263	0.07570213652494688
245.34722222222223	296.46443362765837	-3.121878128912684	0.7916814153668614	0.07566385124856063
245.36111111111111	296.3963726467557	-3.02855828735565	0.6659320923327892	0.07562549990957254
245.375	296.3283116658529	-2.9352384457985563	0.5401827692985535	0.07558708543116799
245.38888888888889	296.58046230740047	0.11145121963275706	9.23514751152671	0.07554878696933534
245.40277777777777	296.8326129489473	3.1581408850560253	17.930112253733007	0.0755103982379689
245.41666666666666	297.084763590495	6.20483055048746	26.625076995961553	0.07547192179198706
245.43055555555554	297.33691423204186	9.25152021591073	35.32004173816785	0.07543336015221591
245.44444444444446	297.58906487358956	12.298209881343388	44.01500648040031	0.07539471580574005
245.45833333333334	297.84121551513647	15.344899546766516	52.70997122260621	0.07535599120625079
245.47222222222223	298.09336615668406	18.39158921219809	61.404935964835154	0.0753171887743937
245.48611111111111	298.345516798231	21.43827887762136	70.09990070704146	0.0752783108981129
245.5	298.59766743977866	24.484968543052673	78.79486544926962	0.07523935993299528
245.51388888888889	298.9092301545323	32.59969100246608	106.02476529724534	0.07521602389872104
245.52777777777777	299.2207928692851	40.71441346185859	133.2546651451574	0.07519319511609404
245.54166666666666	299.5323555840388	48.82913592127246	160.48456499313517	0.07517085770026612
245.55555555555554	299.8439182987917	56.94385838066497	187.71446484104726	0.07514899639642036
245.56944444444446	300.1554810135455	65.05858084008139	214.94436468903285	0.07512759655069519
245.58333333333334	300.4670437282984	73.1733032994734	242.17426453694281	0.07510664408254493
245.59722222222223	300.778606443052	81.28802575888777	269.4041643849228	0.07508612545846884
245.61111111111111	301.0901691578049	89.40274821828027	296.6340642328348	0.07506602766704731
245.625	301.4017318725586	97.51747067769367	323.8639640808105	0.07504633819522014
245.63888888888889	301.4494229352033	96.60613210112867	324.83703528510256	0.07502713144110291
245.65277777777777	301.4971139978479	95.694793524566	325.8101064893935	0.07500832569209318
245.66666666666666	301.5448050604926	94.78345494800071	326.78317769368516	0.07498990875891792
245.68055555555554	301.5924961231372	93.87211637143807	327.75624889797615	0.07497186892926158
